n = 25
m = 15
d = 40	
Rs = (3, 2, 1, 2, 2, 3, 1, 1, 1, 2, 1, 3, 3, 3, 2)
Rc = (4, 3, 3, 3, 4, 5, 3, 2, 2, 3, 3, 5, 5, 4, 4)
O = [(18, 17, 21, 19), (13, 5, 15, 7), (8, 2, 9, 5), (3, 3, 4, 6), (11, 9, 12, 10), (6, 8, 9, 9), (0, 17, 3, 19), (7, 7, 10, 10), (5, 13, 8, 14), (16, 18, 17, 20), (20, 6, 22, 7), (15, 21, 18, 24), (13, 14, 14, 16), (9, 3, 11, 4), (1, 3, 2, 4), (21, 6, 24, 8), (15, 0, 18, 1), (19, 18, 22, 21), (0, 12, 1, 15), (19, 11, 20, 12), (4, 7, 5, 8), (2, 21, 3, 24), (8, 8, 10, 9), (7, 3, 8, 4), (16, 8, 17, 11), (7, 7, 8, 8), (6, 10, 7, 11), (22, 5, 24, 8), (1, 5, 3, 6), (21, 20, 24, 22), (21, 14, 22, 17), (10, 2, 12, 3), (8, 18, 9, 19), (4, 21, 7, 22), (14, 4, 17, 7), (18, 16, 19, 17), (20, 22, 22, 23), (4, 15, 5, 18), (10, 5, 12, 6), (5, 21, 7, 23)]

0.01 max_cov 136.0 std 16.560495161679196
0.1 max_cov 144.0 std 19.277188591700813
1 max_cov 174.0 std 7.449161026585477
10 max_cov 200.0 std 5.48543526076099