n = 30
m = 15
d = 40
Rs = (3, 3, 2, 2, 1, 1, 3, 3, 3, 1, 3, 2, 2, 1, 1)
Rc = (4, 5, 4, 3, 2, 3, 5, 4, 5, 2, 5, 4, 3, 2, 2)
O = [(21, 10, 23, 13), (0, 1, 2, 3), (10, 22, 11, 23), (10, 0, 11, 2), (21, 6, 24, 7), (1, 0, 4, 1), (8, 7, 10, 10), (0, 11, 3, 14), (4, 25, 7, 26), (9, 13, 11, 15), (5, 18, 7, 21), (13, 19, 16, 22), (10, 20, 12, 22), (25, 24, 26, 27), (23, 15, 26, 18), (20, 18, 22, 20), (22, 3, 23, 4), (11, 6, 14, 9), (3, 20, 4, 23), (17, 5, 19, 7), (12, 20, 15, 21), (20, 18, 21, 20), (16, 6, 19, 7), (2, 0, 3, 1), (26, 25, 28, 28), (7, 12, 8, 13), (13, 9, 16, 11), (7, 27, 9, 29), (26, 24, 28, 26), (15, 27, 17, 28), (6, 7, 7, 10), (9, 11, 12, 14), (0, 16, 1, 18), (7, 0, 9, 3), (26, 27, 29, 28), (24, 25, 27, 27), (16, 21, 17, 24), (6, 2, 7, 4), (10, 23, 11, 25), (20, 25, 21, 26)]

max_cov 234.0 std 2.1563858652847827
max_cov 209.0 std 9.893937537704591
max_cov 166.0 std 14.97364351118324
max_cov 162.0 std 22.039963702329455