n = 40
m = 20
d = 60
Rs = (3, 2, 3, 2, 2, 2, 2, 2, 2, 2, 2, 1, 3, 2, 1, 1, 2, 1, 2, 3)
Rc = (4, 4, 5, 3, 3, 4, 3, 4, 4, 4, 4, 3, 5, 4, 3, 2, 3, 3, 4, 4)
O = [(5, 9, 8, 11), (18, 19, 19, 20), (17, 15, 20, 18), (18, 3, 20, 4), (26, 16, 29, 19), (30, 2, 31, 4), (4, 4, 7, 7), (10, 2, 12, 3), (15, 35, 18, 36), (10, 20, 11, 21), (10, 21, 11, 22), (11, 36, 14, 39), (18, 23, 21, 24), (1, 12, 2, 13), (19, 34, 20, 37), (17, 13, 20, 14), (31, 37, 33, 38), (36, 2, 37, 5), (19, 10, 20, 13), (6, 14, 9, 17), (0, 34, 3, 36), (11, 7, 12, 10), (8, 25, 10, 26), (5, 33, 7, 36), (33, 20, 36, 22), (29, 29, 31, 31), (27, 16, 29, 18), (6, 34, 9, 36), (15, 22, 16, 23), (7, 12, 9, 13), (2, 27, 3, 29), (6, 24, 9, 26), (6, 21, 9, 23), (2, 2, 5, 3), (29, 30, 30, 32), (9, 27, 11, 29), (26, 12, 29, 14), (8, 27, 10, 29), (32, 36, 34, 37), (5, 11, 7, 13), (29, 6, 31, 8), (6, 17, 7, 20), (26, 35, 29, 38), (32, 1, 35, 4), (22, 14, 24, 17), (35, 22, 36, 23), (36, 3, 38, 5), (16, 1, 17, 2), (34, 0, 35, 1), (1, 36, 3, 38), (8, 21, 11, 23), (4, 4, 6, 6), (29, 11, 32, 12), (1, 4, 2, 6), (37, 13, 38, 15), (17, 13, 18, 16), (31, 14, 32, 15), (7, 18, 8, 20), (11, 12, 12, 13), (7, 34, 9, 37)]

0.01 max_cov 184.0 std 19.09685838037241
0.1 max_cov 184.0 std 17.37498201437918
1 max_cov 245.0 std 14.847221962373972
10 max_cov 287.0 std 2.3000000000000003