n = 20
m = 10
d = 20
Rs = (3, 2, 2, 3, 1, 3, 3, 3, 1, 3)
Rc = (5, 4, 3, 5, 3, 4, 5, 5, 3, 5)
O = [(3, 11, 5, 12), (6, 6, 7, 9), (7, 8, 8, 10), (6, 3, 9, 5), (8, 0, 11, 3), (5, 15, 8, 17), (9, 0, 12, 3), (17, 16, 20, 18), (10, 13, 13, 16), (8, 8, 11, 10), (11, 6, 13, 8), (4, 6, 6, 8), (10, 9, 13, 11), (6, 16, 8, 19), (13, 4, 16, 5), (10, 5, 13, 7), (15, 7, 17, 9), (1, 4, 4, 7), (4, 13, 5, 16), (14, 10, 17, 11)]

0.01 max_cov 105.0 std 13.67662239004938
0.1 max_cov 105.0 std 9.879271228182775
1 max_cov 151.0 std 6.410148204214938
10 max_cov 171.0 std 4.583666654546335